,mean_fit_time,std_fit_time,mean_score_time,std_score_time,param_max_depth,param_n_estimators,params,split0_test_AUC,split1_test_AUC,split2_test_AUC,mean_test_AUC,std_test_AUC,rank_test_AUC,split0_train_AUC,split1_train_AUC,split2_train_AUC,mean_train_AUC,std_train_AUC,split0_test_Accuracy,split1_test_Accuracy,split2_test_Accuracy,mean_test_Accuracy,std_test_Accuracy,rank_test_Accuracy,split0_train_Accuracy,split1_train_Accuracy,split2_train_Accuracy,mean_train_Accuracy,std_train_Accuracy
81,5.631966272989909,0.019295085144604863,0.7766729195912679,0.02800069965057765,30,800,"{'max_depth': 30, 'n_estimators': 800}",0.8596129819133747,0.8923959078978764,0.8449132068718682,0.865640698894373,0.019847783305003804,1,1.0,0.9999999999999999,1.0,1.0,6.409875621278546e-17,0.7915531335149864,0.8185538881309686,0.7776261937244202,0.7959110717901251,0.016990443625096885,5,1.0,1.0,1.0,1.0,0.0
67,5.645265817642212,0.03662408373840566,0.8259565035502116,0.019544394087578514,25,800,"{'max_depth': 25, 'n_estimators': 800}",0.8596352927177534,0.8920901932712957,0.845103346456693,0.8656096108152473,0.019641966991491566,2,1.0,1.0,1.0,1.0,0.0,0.7901907356948229,0.819918144611187,0.7776261937244202,0.7959116913434766,0.017733194440607145,4,1.0,1.0,1.0,1.0,0.0
68,7.20682430267334,0.10751796100216147,0.9858768781026205,0.030575139840877893,25,1000,"{'max_depth': 25, 'n_estimators': 1000}",0.8596055449785815,0.8918217609162491,0.8451592698639943,0.8655288585862749,0.01950489256352117,3,1.0,1.0,1.0,1.0,0.0,0.7888283378746594,0.819918144611187,0.7789904502046384,0.7959123108968282,0.017443356857613307,3,1.0,1.0,1.0,1.0,0.0
82,7.1195015112559,0.0717477428378804,0.9533498287200928,0.031107133875882393,30,1000,"{'max_depth': 30, 'n_estimators': 1000}",0.8596204188481675,0.8919485206394655,0.8448498270102602,0.8654729221659645,0.019668258382616613,4,1.0,1.0,1.0,1.0,0.0,0.7888283378746594,0.8185538881309686,0.7789904502046384,0.7954575587367555,0.0168181713644594,7,1.0,1.0,1.0,1.0,0.0
80,4.280023018519084,0.013694871567782346,0.6046586036682129,0.01991425309406868,30,600,"{'max_depth': 30, 'n_estimators': 600}",0.8588767253688719,0.8920529109997615,0.8451965521355285,0.865375396168054,0.019673232798577744,5,1.0,1.0,1.0,1.0,0.0,0.7929155313351499,0.8212824010914052,0.7789904502046384,0.7977294608770644,0.017597967982659456,1,1.0,1.0,1.0,1.0,0.0
66,4.198570330937703,0.02487659958293257,0.5732768376668295,0.01137110888964534,25,600,"{'max_depth': 25, 'n_estimators': 600}",0.8588469776297001,0.8919410641851587,0.845297214268671,0.8653617520278433,0.019591561071917073,6,1.0,1.0,1.0,1.0,0.0,0.7929155313351499,0.8212824010914052,0.7776261937244202,0.7972747087169917,0.018087158077893625,2,1.0,1.0,1.0,1.0,0.0
69,8.738563855489096,0.08208008606750554,1.178824742635091,0.03961122871311006,25,1200,"{'max_depth': 25, 'n_estimators': 1200}",0.8599216147072822,0.8911655929372465,0.8444546349319972,0.8651806141921753,0.01942886522897687,7,1.0,1.0,1.0,1.0,0.0,0.7874659400544959,0.8171896316507503,0.781718963165075,0.7954581782901071,0.01554453783415562,6,1.0,1.0,1.0,1.0,0.0
64,2.852905035018921,0.025532080813685777,0.4004786014556885,0.007831779169975404,25,400,"{'max_depth': 25, 'n_estimators': 400}",0.8585866849119467,0.8907890419947506,0.8460838701980434,0.8651531990349136,0.01883219631621369,8,1.0,1.0,1.0,1.0,0.0,0.7861035422343324,0.8144611186903138,0.7762619372442019,0.7922755327229494,0.01619391790625786,16,1.0,1.0,1.0,1.0,0.0
83,7.624119361241658,0.5880753842351182,0.9666404724121094,0.1085595862044446,30,1200,"{'max_depth': 30, 'n_estimators': 1200}",0.8599773917182294,0.8911059413027917,0.844357701026008,0.8651470113490097,0.019431816137273215,9,1.0,1.0,1.0,1.0,0.0,0.7861035422343324,0.8171896316507503,0.781718963165075,0.7950040456833859,0.01578936988272234,8,1.0,1.0,1.0,1.0,0.0
65,3.4818012714385986,0.05499098033284399,0.4534149169921875,0.009887671483260967,25,500,"{'max_depth': 25, 'n_estimators': 500}",0.8580140409328891,0.891407927702219,0.8459608387019804,0.8651276024456962,0.019223449962589442,10,1.0,1.0,1.0,1.0,0.0,0.7874659400544959,0.8185538881309686,0.7748976807639836,0.7936391696498161,0.018349344822903124,11,1.0,1.0,1.0,1.0,0.0
79,3.596486727396647,0.07577142458549321,0.4823397795359294,0.02875213100440794,30,500,"{'max_depth': 30, 'n_estimators': 500}",0.8580028855306997,0.8914899486995944,0.8457669708900024,0.8650866017067655,0.01932669916792834,11,1.0,1.0,1.0,1.0,0.0,0.7874659400544959,0.8171896316507503,0.7748976807639836,0.7931844174897433,0.017732794770993234,12,1.0,1.0,1.0,1.0,0.0
78,2.844251791636149,0.05234638037404899,0.3823095957438151,0.01069000570186647,30,400,"{'max_depth': 30, 'n_estimators': 400}",0.8586722096620657,0.8907331185874492,0.8457967967072298,0.8650673749855816,0.018894300034084266,12,1.0,1.0,1.0,1.0,0.0,0.7861035422343324,0.8144611186903138,0.7748976807639836,0.7918207805628766,0.016649955269543056,18,1.0,1.0,1.0,1.0,0.0
77,2.1285613377889,0.0281364335315182,0.28475014368693036,0.018982659222243643,30,300,"{'max_depth': 30, 'n_estimators': 300}",0.8571476380295099,0.8900023860653781,0.8452040085898352,0.8641180108949077,0.018941369706233172,13,1.0,1.0,1.0,1.0,0.0,0.7806539509536785,0.8158253751705321,0.7762619372442019,0.7909137544561377,0.017706196299025725,20,1.0,1.0,1.0,1.0,0.0
63,2.1812824408213296,0.04085667014617206,0.2810005346934001,0.009093411015271669,25,300,"{'max_depth': 25, 'n_estimators': 300}",0.8571290456925273,0.8897563230732523,0.8454314304461942,0.8641055997373246,0.01875594583689911,14,0.9999999999999999,1.0,1.0,1.0,6.409875621278546e-17,0.782016348773842,0.8171896316507503,0.7789904502046384,0.7927321435430769,0.01733811906254572,13,1.0,1.0,1.0,1.0,0.0
51,3.5521837870279946,0.055376147741181825,0.49776379267374676,0.027478148768591733,15,500,"{'max_depth': 15, 'n_estimators': 500}",0.8564820323655403,0.8928171975662134,0.8408009723216415,0.8633667340844652,0.021786406472728694,15,1.0,0.9999981383295603,0.9999702132729656,0.9999894505341754,1.362401356290485e-05,0.7752043596730245,0.8171896316507503,0.7735334242837654,0.78864247186918,0.02019741328264004,24,0.9986357435197817,0.9986366734832992,0.9986366734832992,0.9986363634954601,4.383890063326695e-07
52,4.201035896937053,0.02102411825312497,0.5780969460805258,0.020590280611296797,15,600,"{'max_depth': 15, 'n_estimators': 600}",0.8566084602570205,0.8927575459317585,0.8403498568360773,0.8632386210082855,0.021902979139500713,16,1.0,0.9999962766591207,0.9999720749434051,0.9999894505341752,1.2380069541669881e-05,0.7779291553133515,0.819918144611187,0.772169167803547,0.7900054892426951,0.021281753960045932,21,0.9993178717598908,0.9986366734832992,0.9986366734832992,0.9988637395754965,0.00032111994714035516
74,0.5281937917073568,0.018615985633763047,0.08323454856872559,0.008868587715689373,30,75,"{'max_depth': 30, 'n_estimators': 75}",0.8590403379343171,0.8904870555953233,0.839969577666428,0.8631656570653562,0.020828947605416724,17,1.0,1.0,1.0,1.0,0.0,0.779291553133515,0.8171896316507503,0.7653478854024557,0.7872763567289071,0.021904481731080845,27,1.0,1.0,0.9993183367416496,0.9997727789138832,0.0003213391416435215
60,0.5161732037862142,0.012512961389386252,0.07675449053446452,0.004207023932462841,25,75,"{'max_depth': 25, 'n_estimators': 75}",0.8588321037601143,0.8903081006919589,0.8401559890240993,0.8630987311587242,0.020695597892712848,18,1.0,1.0,1.0,1.0,0.0,0.779291553133515,0.8171896316507503,0.7653478854024557,0.7872763567289071,0.021904481731080845,27,1.0,1.0,0.9993183367416496,0.9997727789138832,0.0003213391416435215
50,2.756143887837728,0.05199874895392075,0.37450408935546875,0.021193523593756168,15,400,"{'max_depth': 15, 'n_estimators': 400}",0.8564188184198003,0.8922542352660463,0.8406182891911238,0.8630971142923235,0.021602738384809708,19,0.9999999999999999,1.0,0.9999702132729654,0.9999900710909885,1.4041597783641069e-05,0.771117166212534,0.8158253751705321,0.772169167803547,0.786370569728871,0.020832120224010688,30,0.9986357435197817,0.9979550102249489,0.9986366734832992,0.9984091424093432,0.0003211201715714563
49,2.089831749598185,0.04158612655277818,0.2749449412027995,0.006701187438728388,15,300,"{'max_depth': 15, 'n_estimators': 300}",0.8557457758210376,0.8917807504175613,0.841762854927225,0.8630964603886081,0.021070862820958696,20,1.0,0.9999962766591206,0.999962766591207,0.9999863477501091,1.6743538220356923e-05,0.7752043596730245,0.8171896316507503,0.7708049113233287,0.7877329675490344,0.020906300189917147,26,0.9993178717598908,0.9979550102249489,0.9986366734832992,0.9986365184893797,0.0005563859025732625
76,1.4651899337768555,0.04382979827849579,0.20603322982788086,0.0069673244816583916,30,200,"{'max_depth': 30, 'n_estimators': 200}",0.8563444490718706,0.8888317227392031,0.8439177702219041,0.8630313140109926,0.018935881366990235,21,1.0,1.0,1.0,1.0,0.0,0.7806539509536785,0.8117326057298773,0.7844474761255116,0.7922780109363557,0.01384337753205283,15,1.0,1.0,1.0,1.0,0.0
53,5.4977180163065595,0.03183061427391038,0.7569883664449056,0.023418322096352178,15,800,"{'max_depth': 15, 'n_estimators': 800}",0.8563147013326987,0.8926829813886902,0.840066511572417,0.8630213980979353,0.021997849290439336,22,1.0,0.9999962766591207,0.9999720749434052,0.9999894505341754,1.238006954161794e-05,0.7724795640326976,0.819918144611187,0.7735334242837654,0.7886437109758834,0.02211854884878232,23,0.9993178717598908,0.9986366734832992,0.9986366734832992,0.9988637395754965,0.00032111994714035516
54,6.986773729324341,0.022931856258537872,0.9386490186055502,0.04296890646955107,15,1000,"{'max_depth': 15, 'n_estimators': 1000}",0.8561994288434079,0.8917360116917205,0.8408494392746361,0.8629282932699215,0.02131226603691863,23,1.0,0.9999981383295603,0.9999739366138449,0.9999906916478017,1.1871950875265371e-05,0.7752043596730245,0.82537517053206,0.7735334242837654,0.7913709848296167,0.024054264905742608,19,0.9986357435197817,0.9979550102249489,0.9986366734832992,0.9984091424093432,0.0003211201715714563
75,0.6938053766886393,0.008097029943048617,0.0975641409556071,0.005133365160447042,30,100,"{'max_depth': 30, 'n_estimators': 100}",0.8560209424083769,0.8918888690050109,0.8408307981388691,0.8629135365174189,0.021406580612932866,24,1.0,1.0,1.0,1.0,0.0,0.7861035422343324,0.8130968622100955,0.7776261937244202,0.7922755327229494,0.015124200929831026,16,1.0,1.0,0.9993183367416496,0.9997727789138832,0.0003213391416435215
62,1.4012706279754639,0.03792644023645437,0.19773968060811362,0.006341905669496314,25,200,"{'max_depth': 25, 'n_estimators': 200}",0.8562328950499762,0.8884328024337866,0.8440184323550466,0.8628947099462699,0.018733995848139805,25,1.0,1.0,0.9999999999999999,1.0,6.409875621278546e-17,0.7833787465940054,0.8158253751705321,0.7844474761255116,0.7945505326300163,0.015049911174614555,9,1.0,1.0,1.0,1.0,0.0
61,0.712486187616984,0.03224796962758832,0.10022544860839844,0.00634589980424894,25,100,"{'max_depth': 25, 'n_estimators': 100}",0.8559577284626367,0.8912513421617754,0.8408419828203293,0.8626836844815804,0.021121943417219503,26,1.0,1.0,1.0,1.0,0.0,0.7874659400544959,0.8171896316507503,0.7776261937244202,0.7940939218098887,0.01681792717608227,10,1.0,1.0,0.9993183367416496,0.9997727789138832,0.0003213391416435215
55,8.327577590942383,0.014504729680762258,1.1424793402353923,0.020959577868762208,15,1200,"{'max_depth': 15, 'n_estimators': 1200}",0.8556044740599715,0.8912587986160821,0.8411066869482223,0.8626566532080919,0.021073023817814396,27,1.0,0.9999981383295603,0.9999813832956034,0.9999931738750546,8.371769110230581e-06,0.773841961852861,0.82537517053206,0.7776261937244202,0.7922811087031137,0.023451976447882016,14,0.9986357435197817,0.9979550102249489,0.9986366734832992,0.9984091424093432,0.0003211201715714563
48,1.3712291717529297,0.011072936269989009,0.19224071502685547,0.007988673098874993,15,200,"{'max_depth': 15, 'n_estimators': 200}",0.853655997144217,0.8903602958721069,0.8401709019327129,0.861395731649679,0.021208039885260436,28,1.0,0.9999962766591206,0.9999497348981294,0.9999820038524166,2.2868171110668327e-05,0.7670299727520435,0.8130968622100955,0.7735334242837654,0.7845534197486348,0.020357141271462143,35,0.9993178717598908,0.9979550102249489,0.9972733469665985,0.9981820763171462,0.0008499763389906863
59,0.3489786783854167,0.012572218410326045,0.06103285153706869,0.004965781724181022,25,50,"{'max_depth': 25, 'n_estimators': 50}",0.8576012910518801,0.8847045752803628,0.8397980792173705,0.8607013151832045,0.018463585050489374,29,1.0,1.0,0.9999962766591207,0.9999987588863736,1.7551997229387785e-06,0.784741144414169,0.8117326057298773,0.7653478854024557,0.7872738785155007,0.019020981861868846,29,1.0,1.0,0.9993183367416496,0.9997727789138832,0.0003213391416435215
73,0.35599422454833984,0.007791674167187746,0.06867249806722005,0.01088130417316369,30,50,"{'max_depth': 30, 'n_estimators': 50}",0.8577388743455497,0.8847269446432832,0.8394886363636364,0.8606514851174897,0.01858294218062551,30,1.0,1.0,0.9999962766591207,0.9999987588863736,1.7551997229387785e-06,0.784741144414169,0.8076398362892224,0.7639836289222374,0.7854548698752096,0.01782971608378558,32,1.0,1.0,0.9993183367416496,0.9997727789138832,0.0003213391416435215
46,0.5235429604848226,0.01297857405965886,0.07802653312683105,0.0048343112536249075,15,75,"{'max_depth': 15, 'n_estimators': 75}",0.8564969062351261,0.88938350035791,0.8343958780720592,0.8600920948883651,0.022592088397668984,31,0.9999701741827726,0.999962766591207,0.9999013314666985,0.9999447574135593,3.0855337180387386e-05,0.779291553133515,0.8090040927694406,0.7667121418826739,0.785002595928543,0.017731596747184674,34,0.9972714870395635,0.9952283571915473,0.994546693933197,0.9956821793881026,0.0011577536605255057
47,0.7064405282338461,0.022921665891489005,0.10025183359781902,0.007242852623110782,15,100,"{'max_depth': 15, 'n_estimators': 100}",0.8539348821989529,0.8895512705798139,0.8365768909568122,0.8600210145785264,0.02205072908268179,32,0.9999944076592698,0.9999851066364829,0.9999404265459311,0.9999733136138946,2.3562635472981896e-05,0.7806539509536785,0.8158253751705321,0.762619372442019,0.7863662328554099,0.022093623589628308,31,0.9979536152796725,0.9965916837082481,0.9959100204498977,0.9968184398126061,0.0008495621245552602
72,0.18872857093811035,0.011101098466398021,0.05366142590840658,0.004710898127650392,30,25,"{'max_depth': 30, 'n_estimators': 25}",0.8557271834840552,0.8828031794321165,0.8371659508470531,0.858565437921075,0.018739102155978158,33,0.9999599215581008,0.9999422882163708,0.9999581124151078,0.9999534407298598,7.92052891475076e-06,0.7806539509536785,0.8117326057298773,0.7735334242837654,0.7886399936557736,0.016585677040105235,25,0.9965893587994543,0.9952283571915473,0.9965916837082481,0.9961364665664166,0.000642130998496048
58,0.1784060001373291,0.010137596207678531,0.031232515970865887,0.0038350933383651674,25,25,"{'max_depth': 25, 'n_estimators': 25}",0.8557271834840552,0.8821656525888809,0.8373262646146504,0.8584063668958622,0.01840337281209557,34,0.9999599215581008,0.999941357381151,0.9999581124151078,0.9999531304514532,8.357517089330706e-06,0.7806539509536785,0.8144611186903138,0.7735334242837654,0.7895494979759192,0.01785342376086681,22,0.9965893587994543,0.9952283571915473,0.9965916837082481,0.9961364665664166,0.000642130998496048
45,0.3435210386912028,0.009259206925127236,0.05704792340596517,0.00672962842522241,15,50,"{'max_depth': 15, 'n_estimators': 50}",0.8527152248929082,0.8854800465282748,0.8344406167979002,0.8575452960730278,0.02111481371777059,35,0.999973902409926,0.9999590432503277,0.9998622363874657,0.9999317273492397,4.951056440940194e-05,0.779291553133515,0.810368349249659,0.7653478854024557,0.7850025959285433,0.01881794442563298,33,0.9945429740791268,0.9952283571915473,0.994546693933197,0.994772675067957,0.00032221949832207967
44,0.1756561597188314,0.004830675478607068,0.03690544764200846,0.006229064807661613,15,25,"{'max_depth': 15, 'n_estimators': 25}",0.8493314195621133,0.8789817465998567,0.8339671319494153,0.8540934327037951,0.018683084326079506,36,0.9994463582677167,0.9995680924580008,0.9997012018944359,0.9995718842067177,0.00010407401705389902,0.7643051771117166,0.800818553888131,0.7680763983628922,0.7777333764542466,0.01639612942733278,36,0.9836289222373806,0.9911383776414451,0.9931833674164963,0.9893168890984407,0.004107734254176607
57,0.07228724161783855,0.005840197105117772,0.018005212148030598,0.0017366164065954828,25,10,"{'max_depth': 25, 'n_estimators': 10}",0.8425712458353165,0.8707759186351706,0.8187820627535194,0.8440430757413355,0.02125190148064665,37,0.99931400620377,0.9994154354819492,0.9996109108781127,0.9994467841879439,0.00012322108163054002,0.7629427792915532,0.800818553888131,0.757162346521146,0.7736412265669435,0.01936162339949013,38,0.9890859481582538,0.9904567143830948,0.9925017041581459,0.9906814555664981,0.001403502455130934
71,0.07232705752054851,0.00385856786211306,0.01699972152709961,0.0008196508274758635,30,10,"{'max_depth': 30, 'n_estimators': 10}",0.8425712458353165,0.8703732701026008,0.8187820627535194,0.8439088595638123,0.021083248908378628,38,0.99931400620377,0.9995001414869534,0.9996109108781127,0.9994750195229454,0.00012250559502422184,0.7629427792915532,0.8076398362892224,0.757162346521146,0.7759149873673072,0.022556638048729073,37,0.9890859481582538,0.9904567143830948,0.9925017041581459,0.9906814555664981,0.001403502455130934
43,0.07665514945983887,0.0010609405672434174,0.019348621368408203,0.0018590093337429636,15,10,"{'max_depth': 15, 'n_estimators': 10}",0.8305903438838648,0.8734565139584826,0.8175666607015033,0.8405378395146169,0.023876535570367587,39,0.9973520266642806,0.9987722283450494,0.9987899142142261,0.9983047230745187,0.0006736967839478941,0.7506811989100818,0.8076398362892224,0.7421555252387448,0.7668255201460163,0.029069205694522753,39,0.9686221009549796,0.9795501022494888,0.9863667348329925,0.978179646012487,0.007308744561110074
41,7.180786848068237,0.09077386213476701,1.0094467004140217,0.032638588989779505,8,1200,"{'max_depth': 8, 'n_estimators': 1200}",0.8086848524512137,0.8644342042471964,0.8028215223097113,0.8253135263360405,0.02776586921934154,40,0.9435919231686948,0.9427573573215775,0.9486700226379124,0.9450064343760616,0.002612857216735765,0.728882833787466,0.7830832196452933,0.7339699863574352,0.7486453465967315,0.024439655008464962,46,0.8567530695770805,0.8507157464212679,0.8663940013633266,0.8579542724538917,0.006456732185375261
40,6.046630938847859,0.02573082005494471,0.820929209391276,0.010196735313393542,8,1000,"{'max_depth': 8, 'n_estimators': 1000}",0.8089972037125178,0.8642403364352184,0.8024412431400622,0.8252262610959328,0.02771664614981987,41,0.9440579515628728,0.9422100262123199,0.948346091981413,0.9448713565855352,0.002570220039714934,0.728882833787466,0.7858117326057299,0.7366984993178718,0.7504643552370226,0.025197208470452252,42,0.8581173260572987,0.8507157464212679,0.8684389911383776,0.8590906878723148,0.007268146290164041
38,3.6198198795318604,0.037839909061587435,0.49044013023376465,0.013666993093111077,8,600,"{'max_depth': 8, 'n_estimators': 600}",0.8078742265587816,0.8643670961584347,0.8032689095681221,0.8251700774284462,0.02778017211532256,42,0.9437634216177522,0.9425488502323365,0.9485322590253782,0.9449481769584889,0.002582379924180464,0.728882833787466,0.7830832196452933,0.7366984993178718,0.7495548509168769,0.023921883832065758,43,0.859481582537517,0.8500340831629175,0.8657123381049762,0.8584093346018036,0.006445370753948295
36,2.4072503248850503,0.02297353842681551,0.3594656785329183,0.037991273958705156,8,400,"{'max_depth': 8, 'n_estimators': 400}",0.8083353165159448,0.8642999880696731,0.8028289787640182,0.8251547611165453,0.027770986463915695,43,0.9443133351228824,0.941956839032527,0.9491838436792566,0.9451513392782219,0.003009328525794131,0.7247956403269755,0.7789904502046384,0.7353342428376535,0.7463734444564225,0.023461561950047585,48,0.8587994542974079,0.852760736196319,0.8698023176550784,0.8604541693829351,0.007054900715794987
39,4.829039971033732,0.028633299534706527,0.6653833389282227,0.012032603036752175,8,800,"{'max_depth': 8, 'n_estimators': 800}",0.8087294740599715,0.8643223574325937,0.8018670961584348,0.8249729758836666,0.027964899771298464,44,0.9440784568122167,0.9424390116763971,0.9483367836292147,0.9449514173726095,0.00248562180106058,0.7275204359673024,0.7844474761255116,0.7339699863574352,0.7486459661500829,0.025452049851295493,45,0.8587994542974079,0.8500340831629175,0.8663940013633266,0.858409179607884,0.0066846075243044275
37,3.0715976556142173,0.064177372954676,0.42927368481953937,0.015273787672409113,8,500,"{'max_depth': 8, 'n_estimators': 500}",0.8072643979057592,0.8642627057981389,0.803127236936292,0.8248847802133966,0.027895576623543052,45,0.9437485087091386,0.9418786488740617,0.9484782705826285,0.9447018093886096,0.002777329450288085,0.7302452316076294,0.781718963165075,0.7353342428376535,0.7490994792034527,0.023158836459930845,44,0.8581173260572987,0.8513974096796183,0.8677573278800272,0.8590906878723148,0.006714278605986716
35,1.8059968948364258,0.031586940447369566,0.2706593672434489,0.02024072927778683,8,300,"{'max_depth': 8, 'n_estimators': 300}",0.8080675868633984,0.863517060367454,0.8019192913385826,0.8245013128564783,0.027702247801039175,46,0.9439871152469578,0.9421262510425354,0.9494072441320147,0.9451735368071693,0.0030885716419473803,0.7247956403269755,0.7776261937244202,0.7339699863574352,0.7454639401362769,0.023048500647875524,50,0.8601637107776262,0.8507157464212679,0.8684389911383776,0.859772816112424,0.0072407619214694165
33,0.6080324649810791,0.017135104778719462,0.10133322079976399,0.005437945262051051,8,100,"{'max_depth': 8, 'n_estimators': 100}",0.806438898143741,0.863147965879265,0.8007896385110951,0.8234588341780338,0.028159059110672516,47,0.9432722276902887,0.9393756329679495,0.9488059245800072,0.9438179284127485,0.003869189573281172,0.7425068119891008,0.7899045020463847,0.73806275579809,0.7568246899445251,0.02346121459455961,40,0.8567530695770805,0.8500340831629175,0.8738922972051807,0.8602264833150596,0.010044967116853334
34,1.175663153330485,0.014611620332995463,0.17899982134501138,0.009415488870790717,8,200,"{'max_depth': 8, 'n_estimators': 200}",0.8059406235126131,0.8630845860176568,0.8009201264614652,0.8233151119972449,0.028195858390377155,48,0.94421826533047,0.9411637674252352,0.9487389044441796,0.9447069790666283,0.0031117847023723463,0.726158038147139,0.7844474761255116,0.732605729877217,0.7477370813832892,0.026091288377015447,47,0.8601637107776262,0.8493524199045671,0.8657123381049762,0.8584094895957232,0.00679311906011256
32,0.45032787322998047,0.0012522324070215537,0.07733321189880371,0.011088236109969826,8,75,"{'max_depth': 8, 'n_estimators': 75}",0.803739290813898,0.8636550047721306,0.799503400143164,0.822299231909731,0.029294034139262348,49,0.9397005860773086,0.9370550607649231,0.9480054062909568,0.9415870177110627,0.0046652248975087305,0.7425068119891008,0.7844474761255116,0.7312414733969986,0.7527319205038704,0.022893002055806497,41,0.8512960436562074,0.8486707566462167,0.8704839809134287,0.856816927071951,0.009723315741062676
31,0.3140718936920166,0.009950235659753124,0.049335320790608726,0.003400333377681218,8,50,"{'max_depth': 8, 'n_estimators': 50}",0.8056022429795335,0.8606015867334765,0.7973037461226437,0.8211691919452179,0.028087975856509222,50,0.9389381636244333,0.9322389193375432,0.9485797316215895,0.939918938194522,0.006707059742967797,0.7397820163487738,0.7708049113233287,0.7271487039563438,0.745911877209482,0.01834207378399055,49,0.8485675306957708,0.8432174505794138,0.8718473074301295,0.8545440962351046,0.012428641050884134
30,0.15493249893188477,0.009889249722915718,0.03467273712158203,0.009433813428026419,8,25,"{'max_depth': 8, 'n_estimators': 25}",0.798626398143741,0.853439662371749,0.798493050584586,0.8168530370333587,0.02587070815461237,51,0.932933853793844,0.9296875,0.949924788514238,0.9375153807693607,0.008874298232261062,0.723433242506812,0.7667121418826739,0.7339699863574352,0.7413717902489737,0.018427439837247993,51,0.844474761255116,0.8391274710293115,0.8732106339468303,0.8522709554104192,0.01496665139782266
29,0.06399758656819661,0.0014138885428504485,0.02667085329691569,0.010342491697226973,8,10,"{'max_depth': 8, 'n_estimators': 10}",0.7908696751546882,0.8362599916487712,0.7869355464089716,0.8046884044041436,0.02238218313906271,52,0.9244288356000954,0.9187902120814966,0.9414755972238771,0.928231548301823,0.009643724822682885,0.7070844686648501,0.7530695770804912,0.7216916780354706,0.7272819079269373,0.019184986346605367,52,0.8308321964529332,0.830947511929107,0.8657123381049762,0.8424973488290055,0.016415543847775056
27,6.385048071543376,0.058459803569118514,0.9093968868255615,0.03914573962730056,5,1200,"{'max_depth': 5, 'n_estimators': 1200}",0.7626725368871966,0.8144461345740872,0.763320955619184,0.780146542360156,0.02425491883095714,53,0.8429978301717967,0.8328136170022638,0.8511371083045396,0.8423161851595333,0.007496046216426464,0.6825613079019074,0.7257844474761255,0.7025920873124147,0.7036459475634825,0.0176615007805994,62,0.7530695770804912,0.7525562372188139,0.7695978186775733,0.7584078776589595,0.007915258027103462
26,5.252110242843628,0.06238411944231481,0.7953480879465739,0.02179492630889701,5,1000,"{'max_depth': 5, 'n_estimators': 1000}",0.7627320323655402,0.8142000715819613,0.7635073669768551,0.7801464903081188,0.024081598564332885,54,0.8422577770818421,0.8325008563684021,0.8510365781007984,0.8419317371836809,0.007570687839582412,0.6839237057220708,0.7271487039563438,0.7066848567530696,0.7059190888104947,0.017654837269043884,57,0.7517053206002728,0.7505112474437627,0.7730061349693251,0.7584075676711203,0.010334249788798974
22,2.137620766957601,0.011728106186799663,0.3040713469187419,0.004756918636894332,5,400,"{'max_depth': 5, 'n_estimators': 400}",0.7619846204188483,0.8133686769267479,0.7646519327129563,0.7800017433528508,0.023619100050767082,55,0.8409761989978526,0.8315234793875849,0.8512562552126772,0.8412519778660382,0.008058231854401672,0.6825613079019074,0.7271487039563438,0.7066848567530696,0.7054649562037736,0.018223155411754247,58,0.752387448840382,0.7484662576687117,0.7723244717109747,0.7577260594066896,0.010446025285744717
19,0.6005528767903646,0.007426769125733209,0.09455204010009766,0.006906881439687725,5,100,"{'max_depth': 5, 'n_estimators': 100}",0.7633530164207519,0.8129026485325699,0.7636154855643044,0.7799570501725421,0.02329630243891407,56,0.8419315572059174,0.8270024127248898,0.8522708656022876,0.8404016118443649,0.010372374440834645,0.6880108991825613,0.7257844474761255,0.7053206002728513,0.7063719823105127,0.015438896567077883,56,0.752387448840382,0.7430129516019086,0.7627811860940695,0.75272719551212,0.00807392282123888
23,2.7378130753835044,0.04738886938875729,0.3931574026743571,0.008564408787956675,5,500,"{'max_depth': 5, 'n_estimators': 500}",0.7621445145168967,0.8136147399188738,0.7639696671438798,0.77990964052655,0.023844749097900776,57,0.8414440915056073,0.8314583209221971,0.8510775348504707,0.8413266490927583,0.008009941045604643,0.6880108991825613,0.7285129604365621,0.7053206002728513,0.7072814866306582,0.01659293118443078,55,0.7551159618008185,0.7484662576687117,0.7716428084526245,0.7584083426407182,0.009743988069780121
25,4.20501987139384,0.06199320465523633,0.593379020690918,0.015018507373902675,5,800,"{'max_depth': 5, 'n_estimators': 800}",0.7622709424083769,0.8139912908613696,0.7629854151753759,0.7797492161483741,0.02421456005962071,58,0.8420909389167264,0.8321797182175622,0.8507852525914452,0.8416853032419113,0.007601091262003004,0.6839237057220708,0.7257844474761255,0.7066848567530696,0.705464336650422,0.017111354457214237,59,0.7557980900409277,0.7518745739604635,0.7716428084526245,0.7597718241513385,0.00854551327966699
24,3.222343365351359,0.03192051289491764,0.4638705253601074,0.011048777228292188,5,600,"{'max_depth': 5, 'n_estimators': 600}",0.7618693479295573,0.813652022190408,0.7634551717967072,0.7796588473055576,0.024045521598257874,59,0.8408876536029587,0.8318567183962826,0.8514386989157632,0.8413943569716681,0.008002335138121675,0.6866485013623979,0.7257844474761255,0.7025920873124147,0.705008345383646,0.01606827717075357,61,0.7537517053206003,0.7505112474437627,0.7730061349693251,0.7590896959112294,0.009928934110506158
21,1.6549046834309895,0.0394199321047644,0.25565536816914874,0.012937265540601367,5,300,"{'max_depth': 5, 'n_estimators': 300}",0.7620664267015707,0.813528990694345,0.7631233595800525,0.779572925658656,0.024014440673732936,60,0.8413136035552375,0.8319321160490885,0.8518315113785297,0.8416924103276185,0.008128308743621426,0.6798365122615804,0.7257844474761255,0.7012278308321964,0.7022829301899675,0.018772996805892676,64,0.7517053206002728,0.7484662576687117,0.7716428084526245,0.7572714622405363,0.010247750196325317
18,0.46934787432352704,0.007827910029385002,0.06188201904296875,0.0019058925713480914,5,75,"{'max_depth': 5, 'n_estimators': 75}",0.7631968407901,0.8109229599141017,0.7643387616320686,0.7794861874454234,0.022234042865808525,61,0.8413853719279407,0.824978776956988,0.8502397831526272,0.8388679773458518,0.010465262064419854,0.6934604904632152,0.7285129604365621,0.703956343792633,0.7086432648974702,0.014688869593228779,54,0.7551159618008185,0.7464212678936605,0.7668711656441718,0.7561361317795502,0.008379743018761418
20,1.0792068640391033,0.04186664590134134,0.16243108113606772,0.0042791829974443045,5,200,"{'max_depth': 5, 'n_estimators': 200}",0.7609880711565921,0.8138645311381532,0.7633209556191839,0.7793911859713097,0.02439493434743092,62,0.8396778438916728,0.831636110449184,0.8511129065888239,0.8408089536432269,0.007991493557478009,0.6771117166212534,0.7257844474761255,0.7012278308321964,0.7013746649765252,0.01987083042078112,65,0.7489768076398363,0.7532379004771643,0.7695978186775733,0.757270842264858,0.008888381504406429
17,0.2817865212758382,0.0266584951515856,0.049609104792277016,0.006525290121190932,5,50,"{'max_depth': 5, 'n_estimators': 50}",0.7607798369823894,0.8069934084943927,0.7567965581006919,0.7748566011924914,0.022782265256583546,63,0.8370969786447149,0.8246604313118074,0.8461422465149528,0.8359665521571583,0.00880626648617711,0.6866485013623979,0.7394270122783083,0.7012278308321964,0.7091011148243008,0.02225435169789594,53,0.7503410641200545,0.7396046353101567,0.7702794819359237,0.7534083937887116,0.012709391208885633
16,0.14015372594197592,0.011366492490454676,0.027242263158162434,0.0017416771466235775,5,25,"{'max_depth': 5, 'n_estimators': 25}",0.7590321573060447,0.8048571343354808,0.7580604271057026,0.7739832395824093,0.02183474445027713,64,0.8329493259365306,0.8261721077088051,0.8462837334683665,0.8351350557045674,0.00835473652635936,0.6839237057220708,0.7271487039563438,0.6998635743519782,0.7036453280101309,0.017847994539750372,63,0.7442019099590723,0.743694614860259,0.7668711656441718,0.751589230154501,0.01080794464925883
15,0.06598146756490071,0.0029491854900046926,0.016893307367960613,0.0006640839941358519,5,10,"{'max_depth': 5, 'n_estimators': 10}",0.7647437232270348,0.7798854688618468,0.749683100691959,0.7647707642602802,0.012330079999212578,65,0.8311970591744213,0.8107006955200762,0.8434279310139403,0.828441895236146,0.013502127783249326,0.6920980926430518,0.7012278308321964,0.6916780354706685,0.695001319648639,0.004406146702523852,68,0.752387448840382,0.7375596455351057,0.7634628493524199,0.7511366479093026,0.010611860321584303
12,4.783656756083171,0.019816688945825073,0.7282482782999674,0.008108718449342208,3,1000,"{'max_depth': 3, 'n_estimators': 1000}",0.7281205378391241,0.7647190408017179,0.7241074624194703,0.7389823470201041,0.01827218740212159,66,0.7778163027916964,0.7680665807816036,0.778382096687716,0.7747549934203386,0.004735059197284754,0.6607629427792916,0.6862210095497954,0.6589358799454298,0.6686399440915056,0.012454047177155501,71,0.7032742155525239,0.6837082481254261,0.6877982276755283,0.6915935637844927,0.008426553367166996
13,5.893407901128133,0.13231832614922,0.9044367472330729,0.0601429927775043,3,1200,"{'max_depth': 3, 'n_estimators': 1200}",0.7281428486435032,0.7646705738487235,0.723578054163684,0.7387971588853036,0.01838993453971924,67,0.7781238815318539,0.7681391859287501,0.778301114023591,0.7748547271613982,0.004749155951294985,0.6580381471389646,0.6862210095497954,0.660300136425648,0.6681864310381359,0.012785764621984157,72,0.6998635743519782,0.6857532379004772,0.6905248807089298,0.6920472309871283,0.005860236711418653
11,3.78520401318868,0.043616307909232474,0.574262777964274,0.015920426098209546,3,800,"{'max_depth': 3, 'n_estimators': 800}",0.7282841504045693,0.7641821760916249,0.7235184025292293,0.7386615763418077,0.018150369085238986,68,0.7782236116082082,0.7677659210056,0.7778608289646134,0.7746167871928072,0.00484655743443304,0.659400544959128,0.6834924965893588,0.660300136425648,0.6677310593247117,0.011151068549313001,74,0.7005457025920873,0.6837082481254261,0.6871165644171779,0.6904568383782305,0.007268335014769481
10,2.836275577545166,0.013953365164499442,0.4401870568593343,0.033208775016741986,3,600,"{'max_depth': 3, 'n_estimators': 600}",0.727659447881961,0.7634738129324744,0.7244840133619661,0.7385390913921338,0.017679104423366333,69,0.7780884633738965,0.7678627278684619,0.7780535118551173,0.7746682343658252,0.0048122409482767425,0.6539509536784741,0.6875852660300137,0.6589358799454298,0.6668240332179726,0.014820795376285239,78,0.6950886766712142,0.6864349011588275,0.6877982276755283,0.6897739351685234,0.0037990808298941016
8,1.939738432566325,0.02581170323603387,0.31040390332539874,0.0011723198609584963,3,400,"{'max_depth': 3, 'n_estimators': 400}",0.7272057948595906,0.7639249284180386,0.7243796230016702,0.7385034487597665,0.01801269057922928,70,0.7775702397995705,0.7680535490885261,0.7789080185869177,0.7748439358250048,0.00483248914771524,0.6498637602179836,0.6889495225102319,0.6589358799454298,0.6659163875578819,0.01670269076899805,79,0.6909959072305594,0.6864349011588275,0.689161554192229,0.6888641208605386,0.0018738630395867537
9,2.4496673742930093,0.03094258749439611,0.4156680107116699,0.00865050948063669,3,500,"{'max_depth': 3, 'n_estimators': 500}",0.7272913196097096,0.7637981686948223,0.7236824445239799,0.7382573109428373,0.018120109563253214,71,0.7784528975781435,0.7677882610508756,0.7779771833670915,0.7747394473320369,0.004919066241961155,0.6553133514986376,0.6875852660300137,0.6589358799454298,0.6672781658246937,0.014435244303408598,76,0.6937244201909959,0.6884798909338786,0.6884798909338786,0.6902280673529178,0.002472294801225912
7,1.446834643681844,0.08731451910858726,0.22786323229471842,0.0012927899064794188,3,300,"{'max_depth': 3, 'n_estimators': 300}",0.7282767134697763,0.7636043008828443,0.7223551956573611,0.7380787366699938,0.018210471613679658,72,0.7767761274158913,0.7680265548671511,0.7773693479685452,0.7740573434171959,0.0042712828328685185,0.6485013623978202,0.6903137789904502,0.6562073669849932,0.6650075027910879,0.01816867887296144,80,0.6828103683492497,0.6837082481254261,0.689161554192229,0.685226723555635,0.00280638749131646
6,1.3828176657358806,0.3478240861378721,0.14655383427937826,0.0016533653338241176,3,200,"{'max_depth': 3, 'n_estimators': 200}",0.7284440445026179,0.7648085182534001,0.7207930684800763,0.7380152104120313,0.019201482014610888,73,0.7763781391672632,0.767466192064816,0.7762439681877755,0.7733627664732848,0.0041698675261844734,0.6457765667574932,0.684856753069577,0.6562073669849932,0.6622802289373545,0.016522206869667364,82,0.6807639836289222,0.678254942058623,0.6857532379004772,0.6815907211960074,0.0031164864175985394
5,0.9099417527516683,0.12098036138184214,0.1479203701019287,0.04868465262549003,3,100,"{'max_depth': 3, 'n_estimators': 100}",0.7263691396953831,0.7645102600811262,0.7212218146027201,0.7373670714597432,0.01930782665664152,74,0.7766325906704844,0.7665521118789467,0.7781000536161086,0.7737615853885133,0.005132948670959104,0.6525885558583107,0.6889495225102319,0.6589358799454298,0.6668246527713242,0.015857795695691936,77,0.689631650750341,0.6809815950920245,0.6912065439672802,0.687273263269882,0.00449510018474843
4,0.6117493311564127,0.04986343179074631,0.1038975715637207,0.006534335403628843,3,75,"{'max_depth': 3, 'n_estimators': 75}",0.7261125654450262,0.7635893879742305,0.7173630994989263,0.7356883509727276,0.02004975790219444,75,0.7766130174779289,0.7649222194090313,0.7735668860955558,0.7717007076608388,0.004951811542899395,0.6607629427792916,0.6930422919508867,0.660300136425648,0.6713684570519421,0.015326880240289732,70,0.7005457025920873,0.6823449216087253,0.6912065439672802,0.6913657227226976,0.007431290175476929
3,0.4302487373352051,0.039870343543005546,0.06746633847554524,0.011023543102057984,3,50,"{'max_depth': 3, 'n_estimators': 50}",0.7264174797715374,0.7557302851348127,0.7141680088284419,0.7321052579115973,0.017437867187430255,76,0.7755206469219756,0.7629795663052543,0.7698165509948767,0.7694389214073688,0.005126833255060853,0.6580381471389646,0.6916780354706685,0.6534788540245566,0.6677316788780633,0.017034627164904035,73,0.6950886766712142,0.6823449216087253,0.6850715746421268,0.6875017243073555,0.005479053678616182
2,0.2600252628326416,0.013536686651091184,0.0646525224049886,0.030448498153652793,3,25,"{'max_depth': 3, 'n_estimators': 25}",0.72025969776297,0.7503690944881889,0.7220718503937007,0.7309002142149531,0.013786441373307206,77,0.7715258515270819,0.7553290316335042,0.7751399976170619,0.7673316269258826,0.008614415565565997,0.6607629427792916,0.6862210095497954,0.6562073669849932,0.66773043977136,0.013206417524642805,75,0.7046384720327421,0.6809815950920245,0.6905248807089298,0.6920483159445654,0.009717770589147367
28,0.011992931365966797,0.0021552393648293054,0.011000712712605795,0.0008149806490686419,8,1,"{'max_depth': 8, 'n_estimators': 1}",0.7204344657306045,0.7430170305416368,0.7076286984013362,0.7236933982245258,0.014629855175132113,78,0.82469503101885,0.831395024127249,0.8384042133325391,0.8314980894928793,0.005597224715856125,0.6730245231607629,0.6957708049113234,0.654843110504775,0.674546146192287,0.016743268196432508,69,0.7489768076398363,0.7600545330606681,0.7648261758691206,0.7579525055232083,0.006639001337703375
42,0.017482280731201172,0.003796241161321219,0.012785991032918295,0.004225663732436252,15,1,"{'max_depth': 15, 'n_estimators': 1}",0.7282841504045692,0.7330850334049153,0.6896027201145312,0.7169906346413386,0.01946510580485899,79,0.9030017820925793,0.8733635916835458,0.8942236089598475,0.8901963275786575,0.01243033464749282,0.7016348773841962,0.7257844474761255,0.6889495225102319,0.7054562824568512,0.015278640359616158,60,0.8574351978171897,0.8507157464212679,0.8875255623721882,0.8652255022035485,0.016005358881933843
1,0.08731929461161296,0.005412999967622673,0.050034284591674805,0.021691874226242098,3,10,"{'max_depth': 3, 'n_estimators': 10}",0.699358192527368,0.7382113457408733,0.7120466475781436,0.7165387286154616,0.016176649275883317,80,0.7614242200548795,0.7460095094126057,0.7641887212558085,0.7572074835744314,0.007998190867071918,0.6430517711171662,0.684856753069577,0.6589358799454298,0.6622814680440577,0.017229990303820265,81,0.7046384720327421,0.676209952283572,0.6884798909338786,0.6897761050833976,0.011642030525164678
14,0.01916019121805827,0.006625291853924171,0.009651978810628256,0.0009356439442169731,5,1,"{'max_depth': 5, 'n_estimators': 1}",0.6948700023798191,0.7058876163206872,0.7296215103793844,0.7101263763599636,0.01450039406507945,81,0.750973999343832,0.7575872378768022,0.8015952653997379,0.7700521675401241,0.022467146353574052,0.6212534059945504,0.6384720327421555,0.6821282401091405,0.6472845596152821,0.0256213690700673,83,0.6712141882673943,0.6646216768916156,0.7225630538513974,0.6861329730034691,0.025900172386812255
70,0.01332418123881022,0.0012453388239669315,0.01167003313700358,0.002626164738551148,30,1,"{'max_depth': 30, 'n_estimators': 1}",0.7033927296525463,0.7013690050107373,0.6910716416129802,0.6986111254254213,0.005394857271822983,82,0.8994348007635409,0.8791775884665793,0.8890658510067914,0.8892260800789705,0.008270748355004761,0.7029972752043597,0.7025920873124147,0.6903137789904502,0.6986343805024081,0.005885878662671825,66,0.8997271487039563,0.8793456032719836,0.8888888888888888,0.8893205469549429,0.008326327524320422
56,0.012754599253336588,0.0006129836823136906,0.013988812764485678,0.007046393697178126,25,1,"{'max_depth': 25, 'n_estimators': 1}",0.7033927296525463,0.7013690050107373,0.6910716416129802,0.6986111254254213,0.005394857271822983,82,0.8994348007635409,0.8791775884665793,0.8890658510067914,0.8892260800789705,0.008270748355004761,0.7029972752043597,0.7025920873124147,0.6903137789904502,0.6986343805024081,0.005885878662671825,66,0.8997271487039563,0.8793456032719836,0.8888888888888888,0.8893205469549429,0.008326327524320422
0,0.0566558837890625,0.02206324141561509,0.020985921223958332,0.004297486664712286,3,1,"{'max_depth': 3, 'n_estimators': 1}",0.6301612327463113,0.7070060844667143,0.6856247017418278,0.6742640063182845,0.03238396577899388,84,0.6432645848246242,0.6986346508995591,0.7368109957702847,0.6929034104981561,0.03840458382022997,0.6062670299727521,0.6753069577080492,0.635743519781719,0.63910583582084,0.02828552966075245,84,0.6050477489768077,0.6714383094751193,0.6796182685753238,0.6520347756757503,0.033392249013063015
